6 1000 100
4 897
2 418
3 657
6 176
1 348
3 396
3 893
6 812
1 20
6 148
2 492
4 560
4 354
5 648
1 872
4 816
5 800
4 216
3 794
1 477
5 59
5 895
6 307
3 798
4 930
2 434
6 596
5 219
5 526
6 374
2 446
4 560
6 372
4 167
5 546
5 153
2 332
3 467
5 104
6 376
3 767
3 514
4 169
1 528
2 799
3 166
4 432
3 351
6 232
2 640
2 405
3 458
2 372
2 958
1 165
5 525
4 813
2 412
6 474
6 444
2 787
5 509
1 723
5 261
4 570
3 734
3 936
5 682
5 492
2 479
4 809
1 662
4 19
3 359
4 323
3 930
2 951
2 547
6 526
3 648
1 3
3 784
3 511
6 272
5 125
3 370
4 136
6 431
2 318
6 481
5 844
3 312
1 995
1 504
5 834
6 193
5 477
6 890
4 367
5 254


